,contribution [%],cumulative contribution [%]
PC_1,84.95,84.95
PC_2,4.56,89.51
PC_3,1.53,91.04
PC_4,1.32,92.37
PC_5,1.03,93.40
PC_6,0.86,94.26
PC_7,0.85,95.10
PC_8,0.69,95.79
PC_9,0.66,96.45
PC_10,0.57,97.02
PC_11,0.56,97.58
PC_12,0.51,98.09
PC_13,0.47,98.56
PC_14,0.41,98.97
PC_15,0.38,99.34
PC_16,0.34,99.69
PC_17,0.31,100.00
PC_18,0.00,100.00
